group <- 
c(3, 6, 5, 7, 2, 9, 7, 9, 7, 6, 2, 8, 1, 3, 2, 1, 7,
4, 8, 4, 6, 10, 8, 5, 6, 5, 4, 2, 9, 8, 5, 2, 5, 10, 8, 5, 4, 1,
7, 9, 9, 2, 8, 8, 6, 6, 1, 7, 7, 1, 6, 7, 7, 8, 4, 9, 7, 7, 7,
7, 9, 7, 1, 7, 8, 3, 2, 1, 9, 10, 10, 8, 8, 3, 5, 4, 3, 7, 6, 3,
1, 2, 10, 8, 10, 2, 6, 1, 9, 4, 10, 2, 3, 1, 10, 9, 6, 9, 3, 2,
4, 1, 8, 10, 8, 9, 9, 7, 7, 1, 9, 10, 9, 3, 6, 5, 5, 3, 5, 5, 7,
6, 9, 5, 1, 2, 1, 7, 3, 5, 5, 9, 8, 4, 5, 1, 6, 10, 2, 1, 10,
10, 9, 10, 4, 7, 4, 4, 10, 4, 8, 10, 3, 7, 2, 8, 5, 6, 6, 3, 9,
9, 1, 1, 1, 5, 2, 5, 2, 5, 7, 9, 1, 1, 7, 5, 3, 6, 2, 5, 8, 3,
8, 7, 3, 8, 3, 9, 8, 6, 1, 7, 7, 5, 7, 10, 10, 8, 8, 2, 8, 1, 6,
1, 3, 3, 7, 6, 6, 6, 9, 9, 1, 6, 9, 4, 5, 6, 1, 9, 10, 7, 7, 10,
3, 5, 1, 9, 8, 1, 3, 9, 2, 5, 1, 3, 4, 9, 7, 8, 3, 9, 5, 7, 9,
5, 5, 8, 3, 2, 2, 3, 6, 4, 10, 2, 6, 2, 4, 9, 6, 4, 9, 4, 1, 10,
8, 6, 8, 5, 7, 7, 1, 8, 9, 4, 6, 8, 3, 9, 1, 10, 10, 2, 8, 10,
8, 2, 5, 5, 10, 3, 3, 2, 5, 8, 4, 3, 9, 5, 6, 5, 6, 2, 8, 2, 5,
3, 1, 5, 7, 5, 10, 6, 1, 7, 6, 9, 3, 8, 8, 1, 6, 7, 5, 7, 2, 2,
10, 3, 10, 4, 3, 8, 5, 9, 5, 6, 9, 9, 6, 1, 3, 10, 3, 5, 8, 4,
8, 5, 10, 1, 9, 7, 8, 8, 8, 3, 2, 6, 7, 6, 7, 7, 8, 3, 5, 9, 5,
8, 10, 2, 1, 4, 7, 10, 8, 9, 3, 6, 1, 7, 10, 7, 10, 6, 3, 10, 3,
8, 6, 4, 2, 4, 1, 2, 9, 3, 8, 7, 3, 10, 7, 7, 10, 2, 8, 9, 2, 2,
3, 10, 9, 7, 7, 5, 6, 6, 7, 10, 9, 10, 8, 4, 8, 6, 3, 2, 8, 4,
1, 2, 2, 4, 9, 2, 9, 7, 4, 2, 4, 1, 9, 7, 2, 4, 2, 9, 3, 7, 7,
9, 8, 2, 7, 6, 6, 3, 2, 4, 9, 8, 6, 4, 3, 3, 5, 1, 4, 8, 5, 8,
8, 6, 3, 7, 6, 4, 4, 3, 1, 3, 2, 1, 6, 9, 4, 4, 4, 3, 4, 1, 5,
8, 10, 10, 3, 1, 5, 1, 5, 2, 8, 4, 10, 1, 4, 10, 1, 7, 1, 5, 7,
6, 10, 2, 2, 8, 7, 8, 1, 5, 8, 7, 1, 4, 9, 7, 10, 2, 1, 1, 3, 6,
1, 9, 3, 6, 8, 1, 5, 1, 4, 5, 2, 5, 6, 6, 1, 6, 10, 2, 2, 10, 1,
4, 6, 7, 6, 7, 5, 8, 4, 8, 2, 5, 7, 6, 7, 9, 3, 4, 4, 8, 3, 10,
8, 10, 5, 10, 2, 4, 2, 8, 8, 9, 10, 8, 7, 7, 7, 8, 7, 9, 5, 8,
4, 1, 9, 8, 9, 6, 10, 9, 6, 2, 5, 5, 3, 1, 6, 7, 9, 4, 10, 3, 1,
3, 4, 2, 8, 10, 1, 3, 4, 4, 4, 5, 4, 5, 1, 6, 5, 10, 6, 10, 2,
7, 8, 6, 8, 9, 9, 4, 7, 2, 1, 4, 9, 5, 10, 7, 2, 5, 5, 5, 6, 6,
9, 5, 8, 1, 5, 7, 1, 9, 7, 1, 7, 5, 4, 6, 2, 5, 5, 3, 8, 4, 10,
3, 3, 5, 3, 8, 3, 8, 7, 5, 3, 3, 6, 2, 7, 7, 2, 8, 3, 9, 9, 6,
10, 10, 5, 4, 6, 4, 4, 5, 7, 5, 2, 3, 1, 2, 3, 4, 8, 3, 7, 1, 6,
4, 10, 8, 9, 3, 8, 6, 6, 3, 2, 10, 3, 4, 5, 9, 5, 4, 4, 10, 4,
1, 5, 8, 10, 7, 3, 3, 8, 1, 7, 1, 2, 4, 1, 1, 2, 7, 3, 9, 5, 10,
1, 6, 7, 4, 1, 10, 10, 4, 10, 7, 9, 1, 9, 5, 8, 10, 1, 10, 3,
10, 4, 3, 7, 6, 6, 5, 6, 10, 8, 3, 6, 4, 10, 9, 5, 10, 3, 1, 6,
8, 1, 5, 7, 5, 9, 4, 4, 2, 6, 2, 9, 8, 4, 3, 3, 2, 9, 8, 7, 10,
10, 4, 3, 6, 8, 9, 10, 5, 2, 4, 7, 8, 3, 5, 3, 4, 6, 8, 10, 3,
1, 1, 7, 1, 3, 2, 9, 10, 5, 10, 3, 4, 4, 9, 8, 10, 2, 2, 5, 4,
1, 2, 9, 3, 7, 3, 3, 7, 5, 4, 9, 2, 5, 4, 6, 8, 5, 4, 9, 2, 6,
4, 10, 10, 2, 2, 10, 2, 9, 2, 9, 3, 1, 5, 1, 7, 4, 2, 8, 1, 10,
4, 10, 2, 7, 2, 8, 5, 8, 3, 9, 3, 6, 9, 1, 3, 6, 5, 7, 3, 10, 6,
9, 8, 8, 10, 10, 7, 6, 8, 3, 5, 10, 5, 8, 2, 10, 2, 6, 5, 4, 5,
6, 7, 6, 5, 3, 10, 6, 1, 9, 3, 9, 1, 10, 3, 3, 6, 5, 9, 6, 9, 9,
2, 2, 9, 1, 7, 4, 7, 3, 1, 9, 1, 5, 8, 4, 4, 8, 2, 1, 9, 3, 2,
1, 9, 4, 9, 1, 6, 4, 1, 3, 9, 7, 6, 1, 3)
L <- 10
N <- 1000
x <- 
c(9.71349443668367, 12.9472297123078, 2.87861666110476,
6.15242244091936, 8.8387991228219, 6.34521425587805,
9.16296849709956, 6.97148131746031, 11.9341967634246,
6.49799045295272, 8.7189002383412, 5.51667286835679,
19.4979518540183, 11.7240227555817, 10.1131415105004,
6.02559424288304, 8.67622701284112, 8.2199665258291,
6.58057907808141, 10.7339252570413, 11.4879605229395,
12.5109175644102, 4.75564263141304, 9.00100639369988,
18.4690020599548, 9.66078129731752, 10.401818482858,
9.79543535984102, 5.03536549218859, 7.16303516701525,
6.04986696240791, 9.64792633569201, 10.4486303569936,
10.3261637241339, 7.0636998923042, 11.0707106073423,
8.24542382952564, 10.3547124185559, 11.252075445708,
7.48022060943162, 12.5254714507795, 12.1447570374221,
7.45794352179201, 9.52595426419017, 12.7621089157139,
13.7705534168857, 12.0038964255251, 4.48979829306447,
11.1811655452948, 10.1966979253307, 10.0082502937587,
7.26878159415967, 8.54012900080552, 12.495861718933,
7.88507939442833, 8.29870627316056, 7.43438310924841,
10.1007217065781, 15.6436362375616, 17.9350329531321,
22.1965840430714, 15.7624879685816, 8.66236117440351,
15.5211868944758, 12.3937301685474, 11.0845034992846,
10.4749084540329, 8.83725621651957, 8.76744111990461,
13.3458736893886, 7.030159393314, 13.4968156473828,
5.00629700269671, 7.31245871975921, 11.2876896230289,
6.40936256259488, 9.05965895511945, 16.2582904756484,
10.3377134563751, 12.1091333947299, 11.4857000042957,
14.5220834641851, 9.52652652811759, 13.2518054011852,
13.4606648226132, 11.8562784931987, 10.278386205113,
5.58294731863508, 8.53898870199657, 6.44176341442225,
12.2360386850848, 11.6570188576328, 10.8260370779692,
9.18127254876911, 12.6230012632365, 12.4825571385914,
5.40660562336479, 10.2029941955064, 11.663592835771,
7.528642702296, 10.7253517543132, 12.7485059465328,
12.0678472626869, 8.03265784658213, 13.4563536251472,
12.8840098858186, 10.5211167388671, 8.36941693207365,
16.1633159380694, 6.18635346887581, 11.7289322348401,
8.60773094917625, 12.6291421207686, 6.06887090708283,
9.66762393887739, 17.6139020157728, 11.9738161736292,
6.84765845283948, 8.41411190170715, 7.35103686563824,
11.5865626817133, 16.236385186845, 4.32546074374084,
7.76378473063631, 7.68788633812957, 5.92583744667535,
8.7466145179555, 9.23952992607889, 7.71484072045227,
11.5243139993432, 10.8045539128081, 8.42132400086018,
8.08239195459633, 15.0525465807645, 19.5715151402442,
8.35999856310636, 4.39124780822025, 4.20529384137559,
11.1749571577525, 6.65121866135586, 7.87035156450057,
11.7084311212769, 11.9160850879898, 13.7331631555527,
7.38972430487648, 13.3713868163098, 11.7739660229611,
7.28885553978287, 8.5410869093307, 11.3215860384447,
9.64799089454963, 6.093262742342, 11.9881485399604,
11.9684320205644, 10.0020562791731, 7.02248393939739,
14.9474452362531, 11.6412740051778, 7.6892175760776,
10.3598731478212, 8.54729211282243, 7.70331591881461,
5.53009209334252, 9.45344592605482, 8.0222994799811,
19.0181586157193, 7.36270526217255, 6.86466325974121,
10.0999552718203, 7.91118229951084, 11.1990979184099,
9.21275786350524, 7.28214233151294, 15.4503925594099,
7.17711303385328, 11.0670448138623, 8.91844780449123,
11.6340943292448, 6.71004781028856, 12.7938500262602,
7.89876116043323, 13.0180755904307, 6.12676665908437,
8.75550097542881, 9.85379470183053, 9.84448853693937,
11.3043171973234, 6.26157053992861, 9.78468239254009,
10.0740015459189, 9.67014889134857, 13.2901828398095,
19.2275948151512, 14.8040486790864, 11.4400494293803,
7.79505320038223, 6.55562437428329, 7.468360372623,
3.91565912003891, 11.1433793401354, 8.89404410923924,
5.99885538960299, 11.8820691807089, 5.63447750278842,
14.4909516573141, 10.8660678620662, 11.8496088951529,
10.3076900991271, 12.053837098277, 16.0236919826263,
5.99469306862682, 6.98365663114907, 21.3859626083019,
15.0972607290971, 11.5961121752443, 6.49439334692837,
8.02118214730418, 10.5886756289538, 6.42954455691338,
5.30435300132537, 12.0085932942876, 8.57598070805761,
14.148118111343, 11.370452456531, 11.7490001187003,
12.6383021368568, 7.59331776052329, 12.490426158218,
10.0345300371096, 7.74143279380663, 10.4324203707843,
18.3832210322644, 15.0356848697969, 6.05329461553878,
8.83476877515117, 7.80463943359717, 16.7047142237737,
8.49803353477911, 7.44076632199547, 8.59622514532459,
11.0819515488544, 13.9416143246796, 10.4166212273197,
8.4351575203192, 9.52677055670437, 4.87390488671391,
8.51616936303915, 10.414665351127, 7.83588837736225,
5.12396724870026, 8.97203818411487, 15.4238419152124,
13.2133026301364, 7.70937783604417, 9.67217832749806,
9.818625853604, 7.44857150630139, 12.4272895074871,
9.67469886769507, 11.9893503015953, 9.08165244370821,
13.8134277602361, 6.12011232997518, 8.66325553080787,
11.1026337943233, 7.30354494696868, 9.05827978948137,
7.25236411928884, 11.5912723229265, 15.9123522148647,
