group <- 
c(6, 2, 8, 2, 2, 6, 7, 4, 5, 5, 1, 4, 6, 10, 9, 8, 10,
6, 9, 2, 9, 3, 4, 4, 3, 4, 8, 8, 2, 7, 10, 7, 2, 8, 8, 9, 2, 1,
5, 10, 5, 5, 9, 1, 10, 1, 5, 3, 4, 9)
L <- 10
N <- 50
x <- 
c(9.87811546066413, 7.94072377803561, 8.42231550155721,
13.0739407611713, 14.8648136797356, 8.98337975556265,
10.1315269724959, 7.29236210395846, 12.6183769095815,
16.144951870673, 4.25870619631958, 7.12562808137375,
4.39994848225895, 12.6363502804102, 11.7489639575607,
6.13753159891123, 15.6629319823051, 7.49844792359461,
8.29484830585743, 10.1574382166247, 7.76507255924769,
12.1963285490211, 17.2198996111419, 8.71527437423761,
12.7946922838935, 18.9676586667114, 8.66035601895968,
6.26656693159216, 7.17930135214767, 10.9462831034752,
10.7695965893823, 6.20952042195011, 11.6076318836482,
7.57277325606139, 8.38225534736668, 12.7298389930199,
7.38681710897787, 12.0379976604624, 7.09871013077654,
9.27327854340939, 9.89232088322124, 8.71718480691477,
7.03221414128095, 10.3222280473972, 11.660757275384,
8.90397046636024, 10.2884230129473, 11.3988434863098,
4.6631827877775, 14.5850683420907)
y <- 
c(31.3569973762999, 6.88218408953296, 17.4018492616533,
7.03651653174053, 12.6198789517014, 30.4306877876918,
19.7073370064461, 17.5394873316354, 29.4090099195117,
43.3827988243507, 5.54401368030577, 16.1787536637859,
14.90112276917, 24.8581562395471, 23.9506561648763,
15.0641851171976, 33.9928791022637, 23.2788857822679,
16.9451723013922, 9.68273661633641, 12.7468066225292,
21.0896647359213, 42.0378265522656, 23.798698654865,
13.7100914299972, 44.0519455847942, 16.975985411245,
13.8526564110733, 6.14927030773063, 24.3081559006126,
20.3597026906626, 13.9691912706232, 11.1774352994885,
17.286478379443, 16.0330727493323, 23.8590074969978,
7.10260393840097, 4.5869541083641, 18.9906086818321,
20.8764961904592, 26.066654516241, 19.2154518247436,
15.4181778152437, 6.9964405452456, 22.3133093517053,
6.12715150259205, 30.0531551893447, 15.3555821936837,
10.863277430127, 30.3818353616864)
