group <- 
c(7, 9, 8, 9, 3, 5, 7, 9, 2, 8, 4, 3, 8, 10, 6, 3, 9,
9, 9, 1, 8, 1, 1, 4, 4, 7, 10, 6, 10, 6)
L <- 10
N <- 30
x <- 
c(9.69129805112606, 11.9341967634246, 6.49799045295272,
8.7189002383412, 5.51667286835679, 19.4979518540183,
11.7240227555817, 10.1131415105004, 6.02559424288304,
8.67622701284112, 8.2199665258291, 6.58057907808141,
10.7339252570413, 11.4879605229395, 12.5109175644102,
4.75564263141304, 9.00100639369988, 18.4690020599548,
9.66078129731752, 10.401818482858, 9.79543535984102,
5.03536549218859, 7.16303516701525, 6.04986696240791,
9.64792633569201, 10.4486303569936, 10.3261637241339,
7.0636998923042, 11.0707106073423, 8.24542382952564)
y <- 
c(22.4420683328258, 25.2440107643111, 12.6396868719733,
17.795516401638, 6.76790804787674, 50.0001845852582,
24.880799874514, 17.9410039455014, 4.04983696193427,
18.114324815443, 24.158698239975, 13.7969167090837,
18.4328363742237, 21.3498226978575, 43.7866592604846,
7.65986524021803, 18.1811750252596, 35.9454950034147,
20.8044986477341, 8.62252409730433, 21.7707472998806,
3.50218046088037, 4.19293707001315, 14.7728094257275,
26.8228712196676, 21.4998646802737, 23.2863362132284,
20.6256030541535, 22.8295077056891, 23.5622056879643)
