N <- 100
x1 <- 
c(1, -3, 0, 6, 5, 8, -1, -6, 2, 9, -13, -2, -4, 5, -4, -4, -6, 8, 5, 3, -6,
6, -9, -3, -2, 5, -7, 0, 4, 11, -1, 16, 0, 0, 4, -6, -1, 3, 2, 2, -6, 2, -6, 2,
-2, -1, 8, 3, 4, -4, -4, 4, 1, -1, 4, 1, 1, 3, -1, 6, 3, 6, -1, 7, 0, 5, -14, 6,
5, -1, 1, -4, -1, -11, 0, 4, -5, 2, -1, -7, 1, 6, 9, 5, 5, -1, -4, 3, -5, 7, -5,
3, -5, -1, -1, 6, 7, -1, -2, 0)
x2 <- 
c(9, -14, -25, 36, 40, 21, -11, -53, 23, 71, -78, -3, -26, 44, -1, -4, -33,
54, 37, 4, 0, 21, -31, -46, -37, 20, -27, 3, 22, 43, -2, 95, 14, -8, 25, -21, -16,
20, 25, 14, -54, 30, -16, -1, 3, 22, 36, 9, 49, -13, -44, 21, 1, -9, 26, 1, 27,
33, -30, 30, 16, 38, -22, 24, 6, 53, -66, 42, 34, 17, 5, -3, 13, -44, 4, -2, -22,
-6, -21, -60, -21, 16, 34, -9, 39, 9, -43, 1, -16, 16, -16, 21, -10, 7, -12, 53,
11, -22, -23, 1)
y <- 
c(1, 0, 0, 1, 1, 1, 0, 0, 1, 1, 0, 0, 0, 1, 1, 0, 0, 1, 1, 1, 1, 1, 0, 0, 0,
1, 0, 1, 1, 1, 0, 1, 1, 0, 1, 0, 0, 1, 1, 1, 0, 1, 0, 0, 1, 1, 1, 1, 1, 0, 0, 1,
0, 0, 1, 1, 1, 1, 0, 1, 1, 1, 0, 1, 1, 1, 0, 1, 1, 1, 1, 0, 1, 0, 1, 0, 0, 0, 0,
0, 0, 1, 1, 0, 1, 1, 0, 1, 0, 1, 0, 1, 0, 1, 0, 1, 1, 0, 0, 1)
